I_wcm2,lambda_nm,R,T,P,branchA_status
0.0,400.0,0.06467764400556704,0.17410531441338992,0.761217041581043,ok
0.0,405.0,0.0660317473384623,0.17710762611995892,0.7568606265415788,ok
0.0,410.0,0.06756726897401866,0.18010235175518424,0.7523303792707972,ok
0.0,415.0,0.06920325042645961,0.18341373129478936,0.7473830182787511,ok
0.0,420.0,0.07086343330468961,0.18734902866773118,0.7417875380275792,ok
0.0,425.0,0.07253200751206207,0.19133326437720202,0.7361347281107359,ok
0.0,430.0,0.07415052585318496,0.19535782208779665,0.7304916520590184,ok
0.0,435.0,0.07547244419975149,0.1983380371783381,0.7261895186219104,ok
0.0,440.0,0.07655431417624722,0.20123225732842998,0.7222134284953228,ok
0.0,445.0,0.07738572991698386,0.20414802086743553,0.7184662492155806,ok
0.0,450.0,0.0779497463425132,0.2070785337030856,0.7149717199544012,ok
0.0,455.0,0.07815361776512371,0.21142303686874525,0.710423345366131,ok
0.0,460.0,0.07804306777443051,0.21620999344079941,0.7057469387847701,ok
0.0,465.0,0.07763079494288959,0.2211566110592596,0.7012125939978509,ok
0.0,470.0,0.07691246502135213,0.22628008493237303,0.6968074500462748,ok
0.0,475.0,0.07524747448440905,0.22598391640071533,0.6987686091148756,ok
0.0,480.0,0.07292481570365886,0.22347917164057293,0.7035960126557682,ok
0.0,485.0,0.0701581817412218,0.22094324482142563,0.7088985734373525,ok
0.0,490.0,0.06687775791452284,0.21842370519291757,0.7146985368925596,ok
0.0,495.0,0.06283747642397214,0.21601030470020177,0.7211522188758261,ok
0.0,500.0,0.05512208861572386,0.20028219609692427,0.7445957152873519,ok
0.0,505.0,0.0540810044856713,0.1776574100397839,0.7682615854745448,ok
0.0,510.0,0.05290509638469085,0.1545152108351835,0.7925796927801256,ok
0.0,515.0,0.052425825023247656,0.13050516077784072,0.8170690141989116,ok
0.0,520.0,0.05330249881527158,0.10600066735823874,0.8406968338264896,ok
0.0,525.0,0.059125811741193086,0.08134534392677001,0.8595288443320368,ok
0.0,530.0,0.06911101509077439,0.059495109774656586,0.8713938751345691,ok
0.0,535.0,0.08350942735339821,0.04140395310623026,0.8750866195403716,ok
0.0,540.0,0.10257847272492628,0.02740210153769183,0.8700194257373819,ok
0.0,545.0,0.12571446319288385,0.017346533660580168,0.856939003146536,ok
0.0,550.0,0.15102226385688805,0.010753001672775665,0.8382247344703362,ok
0.0,555.0,0.1752741680738913,0.006880900383190685,0.817844931542918,ok
0.0,560.0,0.1966495799127033,0.004731548052329183,0.7986188720349675,ok
0.0,565.0,0.21308587996632805,0.003770086455130602,0.7831440335785415,ok
0.0,570.0,0.2232489012769683,0.00377863286677415,0.7729724658562576,ok
0.0,575.0,0.2267957851086966,0.0050031664314964044,0.768201048459807,ok
0.0,580.0,0.22433415053505168,0.008488120360701342,0.767177729104247,ok
0.0,585.0,0.2155765978659945,0.017298426026854545,0.767124976107151,ok
0.0,590.0,0.20271401179161183,0.03575673228728843,0.7615292559210998,ok
0.0,595.0,0.1892476915387664,0.06667300656587438,0.7440793018953592,ok
0.0,600.0,0.17926016099558445,0.109596298206455,0.7111435407979606,ok
0.0,605.0,0.17771249774525016,0.1598888351248504,0.6623986671298994,ok
0.0,610.0,0.18766212473756183,0.21201471685257633,0.6003231584098618,ok
0.0,615.0,0.20641800881962719,0.262940533405947,0.5306414577744258,ok
0.0,620.0,0.2256784600491639,0.3099543942344635,0.46436714571637255,ok
0.0,625.0,0.23952926297123184,0.3532556090524435,0.4072151279763247,ok
0.0,630.0,0.24604403721282153,0.3938729175284973,0.3600830452586812,ok
0.0,635.0,0.2455456839515911,0.4323200107679312,0.32213430528047776,ok
0.0,640.0,0.24015660142242268,0.4685813410621277,0.29126205751544965,ok
0.0,645.0,0.2339162558375943,0.5014865094537566,0.26459723470864915,ok
0.0,650.0,0.23191668743175609,0.5290196878472362,0.23906362472100773,ok
0.0,655.0,0.23684342956799118,0.5502512498615593,0.21290532057044953,ok
0.0,660.0,0.24604460885654672,0.5665431585223892,0.1874122326210641,ok
0.0,665.0,0.2531767061495349,0.5779478087671044,0.1688754850833607,ok
0.0,670.0,0.2560395948406011,0.5910163897282447,0.1529440154311542,ok
0.0,675.0,0.2544014300671292,0.60596940748274,0.1396291624501309,ok
0.0,680.0,0.24911853457443833,0.6223750192206858,0.12850644620487583,ok
0.0,685.0,0.2411990454085322,0.6396998098219793,0.11910114476948852,ok
0.0,690.0,0.2314848075464691,0.6574945429639569,0.11102064948957402,ok
0.0,695.0,0.22061090927781454,0.6754183662809725,0.10397072444121291,ok
0.0,700.0,0.20904564279583807,0.6932162576706451,0.09773809953351686,ok
0.0,705.0,0.19708939360297936,0.7106368901664368,0.09227371623058378,ok
0.0,710.0,0.1846637378423023,0.727092675176826,0.08824358698087176,ok
0.0,715.0,0.17252326640002805,0.7428720240261115,0.08460470957386046,ok
0.0,720.0,0.1610023500495708,0.7576479322049109,0.08134971774551836,ok
0.0,725.0,0.15263681899462966,0.7683588334060417,0.07900434759932862,ok
0.0,730.0,0.13480251174544017,0.7894024610774452,0.07579502717711473,ok
0.0,735.0,0.12059274993573157,0.8065146846420361,0.07289256542223232,ok
0.0,740.0,0.10760804579013197,0.8221932382733269,0.07019871593654115,ok
0.0,745.0,0.095602004120669,0.8367146389026743,0.06768335697665673,ok
0.0,750.0,0.08447360925647802,0.8501981217519926,0.06532826899152933,ok
0.0,755.0,0.0741661763134299,0.8627123047932888,0.06312151889328133,ok
0.0,760.0,0.06447387090517606,0.8744095041024149,0.061116624992409,ok
0.0,765.0,0.0555382611643915,0.885201403868738,0.05926033496687044,ok
0.0,770.0,0.04737251817413685,0.8950909269351446,0.057536554890718516,ok
0.0,775.0,0.03994471207017687,0.9041070183317078,0.055948269598115274,ok
0.0,780.0,0.03322443430779463,0.9122731870937989,0.054502378598406453,ok
0.0,785.0,0.027182626887649688,0.919606675290623,0.05321069782172727,ok
0.0,790.0,0.02179198055879405,0.926116374320362,0.052091645120843966,ok
0.0,795.0,0.017027973636047817,0.9317990419482908,0.05117298441566143,ok
0.0,800.0,0.012870855948918208,0.9366328314485385,0.05049631260254328,ok
0.0,805.0,0.00930926741671755,0.9405661725938105,0.05012455998947196,ok
0.0,810.0,0.006346949495801809,0.9434980973419496,0.050154953162248606,ok
0.0,815.0,0.004015697387688942,0.9452419109842135,0.05074239162809757,ok
0.0,820.0,0.0024016980011471335,0.9454544581789175,0.05214384381993542,ok
0.0,825.0,0.0016955135854852864,0.9437646208719048,0.05453986554260992,ok
0.0,830.0,0.0023849477437367012,0.9386341893846422,0.05898086287162119,ok
0.0,835.0,0.005557381939806643,0.927184635604033,0.06725798245616044,ok
0.0,840.0,0.013997997747584057,0.902739551320327,0.08326245093208895,ok
0.0,845.0,0.035825246812768156,0.8471600015466313,0.1170147516406006,ok
0.0,850.0,0.09781759571164113,0.7052936967338291,0.1968887075545297,ok
0.0,855.0,0.2684589563739948,0.35912580698144403,0.3724152366445612,ok
0.0,860.0,0.38549063657168164,0.20460539734404265,0.40990396608427565,ok
0.0,865.0,0.24066786078399083,0.544448790451064,0.2148833487649452,ok
0.0,870.0,0.14358545143416535,0.7414033977947718,0.11501115077106283,ok
0.0,875.0,0.09859794123621361,0.8277368229834161,0.07366523578037032,ok
0.0,880.0,0.07611489037901663,0.8699262207908104,0.05395888883017297,ok
0.0,885.0,0.06393214885335931,0.8929271948722342,0.04314065627440655,ok
0.0,890.0,0.05706024000839202,0.9064369923920959,0.0365027675995121,ok
0.0,895.0,0.05323615522793239,0.9144692411135696,0.03229460365849801,ok
1000000.0,400.0,0.06468249317336427,0.17415067892050035,0.7611668279061354,ok
1000000.0,405.0,0.06603634276621831,0.17715345263960477,0.7568102045941769,ok
1000000.0,410.0,0.0675720455312758,0.18014851343752622,0.7522794410311979,ok
1000000.0,415.0,0.06920867345662209,0.18345990152861014,0.7473314250147678,ok
1000000.0,420.0,0.0708699600418469,0.18739465081402015,0.741735389144133,ok
1000000.0,425.0,0.07253998821178964,0.19137841184663068,0.7360815999415797,ok
1000000.0,430.0,0.07416022054567455,0.1954025920655534,0.7304371873887721,ok
1000000.0,435.0,0.07548464161280324,0.19838233827272334,0.7261330201144734,ok
1000000.0,440.0,0.07656928361937768,0.2012760309771586,0.7221546854034637,ok
1000000.0,445.0,0.07740360886780098,0.20419117236367273,0.7184052187685264,ok
1000000.0,450.0,0.07797062044880795,0.20712091726062828,0.7149084622905637,ok
1000000.0,455.0,0.07817761363674466,0.21146283192291668,0.7103595544403386,ok
1000000.0,460.0,0.07807020446605328,0.2162463486320437,0.705683446901903,ok
1000000.0,465.0,0.07766104367068752,0.221188940285953,0.7011500160433595,ok
1000000.0,470.0,0.07694577195546688,0.22630773407643692,0.6967464939680962,ok
1000000.0,475.0,0.07528590563088285,0.226008568551714,0.6987055258174031,ok
1000000.0,480.0,0.07296977646907257,0.2235006125421504,0.7035296109887771,ok
1000000.0,485.0,0.07021043441693818,0.22095987985454704,0.7088296857285148,ok
1000000.0,490.0,0.06693817363926162,0.21843337700061383,0.7146284493601246,ok
1000000.0,495.0,0.06290706521695413,0.2160100737243659,0.72108286105868,ok
1000000.0,500.0,0.055208035373539716,0.20028869125839457,0.7445032733680658,ok
1000000.0,505.0,0.05418843851303482,0.17768361944212305,0.7681279420448421,ok
1000000.0,510.0,0.05304146303654887,0.1545705542973699,0.7923879826660812,ok
1000000.0,515.0,0.052599341471546476,0.13060511725452187,0.8167955412739317,ok
1000000.0,520.0,0.05351632822930554,0.1061681255328839,0.8403155462378106,ok
1000000.0,525.0,0.05932307084625267,0.0816465821942436,0.8590303469595038,ok
1000000.0,530.0,0.0691922424302723,0.05994762915951838,0.8708601284102093,ok
1000000.0,535.0,0.08330396322198552,0.04199298558595376,0.8747030511920607,ok
1000000.0,540.0,0.10183191168197286,0.02808570366451923,0.870082384653508,ok
1000000.0,545.0,0.12412783725687347,0.018062246597478123,0.8578099161456484,ok
1000000.0,550.0,0.1483858980745707,0.011435209200097192,0.8401788927253321,ok
1000000.0,555.0,0.17168015357161273,0.007484875912008756,0.8208349705163785,ok
1000000.0,560.0,0.19243419859571703,0.00524447054564167,0.8023213308586413,ok
1000000.0,565.0,0.20880010602804955,0.004205737128363713,0.7869941568435868,ok
1000000.0,570.0,0.21944900478761806,0.004163698126741056,0.7763872970856408,ok
1000000.0,575.0,0.2238320632937571,0.005356097877422168,0.7708118388288207,ok
1000000.0,580.0,0.22228399643386015,0.008785789742097639,0.7689302138240423,ok
1000000.0,585.0,0.21439570371721758,0.017431739696942585,0.7681725565858398,ok
1000000.0,590.0,0.20223687852385955,0.03554176542177238,0.7622213560543681,ok
1000000.0,595.0,0.18927092305465204,0.06597720340690914,0.7447518735384387,ok
1000000.0,600.0,0.17954863587273368,0.10845484748273705,0.7119965166445293,ok
1000000.0,605.0,0.17800791794586449,0.1585036798808254,0.6634884021733102,ok
1000000.0,610.0,0.18774939241979594,0.21060459799195014,0.6016460095882539,ok
1000000.0,615.0,0.20624018877026967,0.261618524179103,0.5321412870506275,ok
1000000.0,620.0,0.22535043400217344,0.30875868318348426,0.46589088281434227,ok
1000000.0,625.0,0.23917684371648354,0.3521953052907027,0.4086278509928138,ok
1000000.0,630.0,0.24574108428202143,0.39293648862213043,0.3613224270958481,ok
1000000.0,635.0,0.24532522708487164,0.43148404040875604,0.32319073250637237,ok
1000000.0,640.0,0.2400240538972617,0.4678245928462702,0.2921513532564681,ok
1000000.0,645.0,0.23385035069959995,0.5008021245239436,0.2653475247764565,ok
1000000.0,650.0,0.23187250862788855,0.5284188521073275,0.23970863926478392,ok
1000000.0,655.0,0.23677908805904235,0.5497478405511329,0.21347307138982474,ok
1000000.0,660.0,0.24595131361826267,0.566134072323959,0.18791461405777832,ok
1000000.0,665.0,0.25307297543981583,0.5776178677542586,0.16930915680592562,ok
1000000.0,670.0,0.25594193721941744,0.5907417152412577,0.15331634753932488,ok
1000000.0,675.0,0.2543172011327082,0.6057341958667818,0.13994860300051004,ok
1000000.0,680.0,0.2490490252117885,0.622169601914263,0.12878137287394853,ok
1000000.0,685.0,0.24114293906397544,0.6395181139288233,0.11933894700720127,ok
1000000.0,690.0,0.2314400380850435,0.6573324833476292,0.1112274785673274,ok
1000000.0,695.0,0.22057542307430308,0.6752729894459877,0.1041515874797092,ok
1000000.0,700.0,0.20901764646992815,0.6930852987142021,0.09789705481586974,ok
1000000.0,705.0,0.19706741424433266,0.7105186340126111,0.09241395174305622,ok
1000000.0,710.0,0.18464666177227393,0.7269863716816802,0.08836696654604581,ok
1000000.0,715.0,0.1725100369164422,0.7427761844290631,0.0847137786544947,ok
1000000.0,720.0,0.16099210983256673,0.7575612695057656,0.08144662066166763,ok
1000000.0,725.0,0.1526286360845928,0.7682799030324458,0.07909146088296148,ok
1000000.0,730.0,0.1347966256117009,0.789330766768,0.07587260762029913,ok
1000000.0,735.0,0.12058850734111279,0.8064495552008499,0.07296193745803725,ok
1000000.0,740.0,0.10760505661002742,0.8221340002826831,0.07026094310728948,ok
1000000.0,745.0,0.09559997407481746,0.8366606911824891,0.06773933474269345,ok
1000000.0,750.0,0.08447231039859446,0.8501489290659378,0.06537876053546776,ok
1000000.0,755.0,0.07416543030655486,0.8626673896212874,0.06316718007215771,ok
1000000.0,760.0,0.06447354374170591,0.8743687239538255,0.06115773230446864,ok
1000000.0,765.0,0.05553823723097233,0.8851643757526544,0.059297387016373326,ok
1000000.0,770.0,0.047372706589586484,0.8950572396505813,0.05757005375983226,ok
1000000.0,775.0,0.039945043288488344,0.9040763048876367,0.05597865182387496,ok
1000000.0,780.0,0.03322485551155216,0.9122451179308053,0.0545300265576425,ok
1000000.0,785.0,0.02718309843496858,0.9195809521481282,0.05323594941690324,ok
1000000.0,790.0,0.021792473242926328,0.926092724455131,0.05211480230194265,ok
1000000.0,795.0,0.01702846658979362,0.9317772123602465,0.05119432104995991,ok
1000000.0,800.0,0.012871335080837248,0.9366125826566759,0.05051608226248683,ok
1000000.0,805.0,0.009309724312379397,0.9405472712798497,0.050143004407770864,ok
1000000.0,810.0,0.006347380761142326,0.9434803067465815,0.05017231249227627,ok
1000000.0,815.0,0.004016104453935337,0.9452249771021545,0.05075891844391023,ok
1000000.0,820.0,0.0024020874286426706,0.9454380881405597,0.052159824430797586,ok
1000000.0,825.0,0.0016958950259386095,0.9437485259070709,0.05455557906699049,ok
1000000.0,830.0,0.0023853385650259803,0.9386178665674508,0.058996794867523183,ok
1000000.0,835.0,0.0055577978569621945,0.9271672963224316,0.06727490582060625,ok
1000000.0,840.0,0.013998394738911261,0.9027199407475607,0.08328166451352803,ok
1000000.0,845.0,0.03582513839748277,0.8471363475960547,0.11703851400646248,ok
1000000.0,850.0,0.09781318820081891,0.705267272591716,0.1969195392074652,ok
1000000.0,855.0,0.2684264188966601,0.35913119055042114,0.3724423905529188,ok
1000000.0,860.0,0.3854400468726415,0.2046337483079111,0.40992620481944736,ok
1000000.0,865.0,0.24065593443729652,0.5444333765365299,0.2149106890261736,ok
1000000.0,870.0,0.14358380334341592,0.7413869752417244,0.11502922141485972,ok
1000000.0,875.0,0.09859814125130895,0.8277245979613104,0.07367726078738068,ok
1000000.0,880.0,0.07611540395770314,0.8699169988874451,0.053967597154851776,ok
1000000.0,885.0,0.0639326613718605,0.8929199190507465,0.04314741957739299,ok
1000000.0,890.0,0.057060686540071855,0.9064310263953675,0.03650828706456055,ok
1000000.0,895.0,0.05323652838362711,0.9144642135632227,0.03229925805315015,ok
5000000.0,400.0,0.06470167240754571,0.17433193742138045,0.7609663901710738,ok
5000000.0,405.0,0.06605449158554232,0.17733655398100256,0.7566089544334551,ok
5000000.0,410.0,0.06759089431684424,0.18033294737265618,0.7520761583104996,ok
5000000.0,415.0,0.06923007624304987,0.1836443677322222,0.7471255560247279,ok
5000000.0,420.0,0.07089574032690836,0.1875769392856007,0.7415273203874909,ok
5000000.0,425.0,0.07257154461588838,0.1915588150080367,0.7358696403760749,ok
5000000.0,430.0,0.07419859243990333,0.19558149838385536,0.7302199091762414,ok
5000000.0,435.0,0.07553295392974593,0.1985594149198074,0.7259076311504467,ok
5000000.0,440.0,0.07662860521542744,0.2014510576261424,0.7219203371584302,ok
5000000.0,445.0,0.07747448446635044,0.20436378296048366,0.718161732573166,ok
5000000.0,450.0,0.07805338750995877,0.20729054349277834,0.714656068997263,ok
5000000.0,455.0,0.07827277504178289,0.21162226812308813,0.710104956835129,ok
5000000.0,460.0,0.07817783388802246,0.21639223477797645,0.7054299313340011,ok
5000000.0,465.0,0.07778102402763773,0.22131897011689303,0.7009000058554692,ok
5000000.0,470.0,0.07707788685456182,0.22641933444477594,0.6965027787006622,ok
5000000.0,475.0,0.0754382747863939,0.22610860376751715,0.698453121446089,ok
5000000.0,480.0,0.07314789990920986,0.22358843056280706,0.703263669527983,ok
5000000.0,485.0,0.07041726606377854,0.22102937248874505,0.7085533614474764,ok
5000000.0,490.0,0.06717707578220303,0.21847631038822185,0.7143466138295751,ok
5000000.0,495.0,0.06318192013266755,0.21601527560415534,0.7208028042631771,ok
5000000.0,500.0,0.05554653145136909,0.2003230848254189,0.7441303837232119,ok
5000000.0,505.0,0.05460952259698208,0.17779946490882742,0.7675910124941905,ok
5000000.0,510.0,0.05357225635251997,0.15480598939136733,0.7916217542561127,ok
5000000.0,515.0,0.05326795849712459,0.13102155354028008,0.8157104879625953,ok
5000000.0,520.0,0.05432885209776831,0.10685377149771266,0.838817376404519,ok
5000000.0,525.0,0.060065826468978914,0.08283913033275411,0.8570950431982669,ok
5000000.0,530.0,0.0695161740553627,0.061694420341388743,0.8687894056032486,ok
5000000.0,535.0,0.08265163421085175,0.044220064418876694,0.8731283013702715,ok
5000000.0,540.0,0.09943850021524013,0.030626298394822702,0.8699352013899372,ok
5000000.0,545.0,0.11918321981538035,0.020692432170877677,0.8601243480137419,ok
5000000.0,550.0,0.14040384860291238,0.013940367587879544,0.845655783809208,ok
5000000.0,555.0,0.1609549434676565,0.00973230733260977,0.8293127491997337,ok
5000000.0,560.0,0.1797939949387098,0.0072003105076558225,0.8130056945536345,ok
5000000.0,565.0,0.19559790394019363,0.005912200691188342,0.798489895368618,ok
5000000.0,570.0,0.2072053729040695,0.005699419166155435,0.787095207929775,ok
5000000.0,575.0,0.2137601278939143,0.006775261236870203,0.7794646108692155,ok
5000000.0,580.0,0.21495301513908968,0.010010058667964667,0.7750369261929456,ok
5000000.0,585.0,0.20997373799077726,0.018084083944466697,0.7719421780647561,ok
5000000.0,590.0,0.20034033722636854,0.03493971527730709,0.7647199474963243,ok
5000000.0,595.0,0.18924512236142504,0.06356720779678292,0.747187669841792,ok
5000000.0,600.0,0.18055855570078974,0.10428534447660931,0.715156099822601,ok
5000000.0,605.0,0.1790875775631523,0.15328620849005348,0.6676262139467942,ok
5000000.0,610.0,0.18806871012529822,0.2051832353402319,0.6067480545344699,ok
5000000.0,615.0,0.20555242340493696,0.2564720079246436,0.5379755686704195,ok
5000000.0,620.0,0.22407183103142533,0.3040680910173589,0.47186007795121576,ok
5000000.0,625.0,0.23779168030059453,0.34801429397066136,0.41419402572874414,ok
5000000.0,630.0,0.24454304440004057,0.38923135686786126,0.36622559873209815,ok
5000000.0,635.0,0.244448794385606,0.4281697437657733,0.3273814618486207,ok
5000000.0,640.0,0.23949345110142786,0.46482112950066184,0.2956854193979103,ok
5000000.0,645.0,0.23358348308297852,0.4980837924936815,0.26833272442334,ok
5000000.0,650.0,0.23169315577412955,0.5260298836700578,0.24227696055581271,ok
5000000.0,655.0,0.2365214991708553,0.5477433414980312,0.21573515933111354,ok
5000000.0,660.0,0.24557940134229053,0.5645028779242477,0.1899177207334618,ok
5000000.0,665.0,0.25265931593028085,0.5763010542169511,0.1710396298527681,ok
5000000.0,670.0,0.25555210369763975,0.5896449141722712,0.15480298213008903,ok
5000000.0,675.0,0.2539806870040285,0.6047946852302903,0.14122462776568123,ok
5000000.0,680.0,0.24877115092335975,0.6213489200800393,0.12987992899660095,ok
5000000.0,685.0,0.2409185519421492,0.6387920772135133,0.12028937084433755,ok
5000000.0,690.0,0.23126093900172082,0.6566848165521398,0.11205424444613932,ok
5000000.0,695.0,0.22043343206851107,0.6746919228749864,0.10487464505650257,ok
5000000.0,700.0,0.20890560743081316,0.6925618045094409,0.09853258805974596,ok
5000000.0,705.0,0.19697944402947765,0.710045875128808,0.09297468084171434,ok
5000000.0,710.0,0.18457831020598534,0.7265613642535006,0.08886032554051404,ok
5000000.0,715.0,0.17245707812166067,0.7423929873693677,0.08514993450897168,ok
5000000.0,720.0,0.16095111434392212,0.7572147454393738,0.08183414021670399,ok
5000000.0,725.0,0.15259587487771473,0.7679642833030591,0.07943984181922614,ok
5000000.0,730.0,0.13477305788436938,0.7890440673702449,0.07618287474538576,ok
5000000.0,735.0,0.12057151855644595,0.8061890977954517,0.07323938364810234,ok
5000000.0,740.0,0.10759308532443926,0.821897095278078,0.0705098193974828,ok
5000000.0,745.0,0.09559184241806007,0.8364449368903919,0.06796322069154803,ok
5000000.0,750.0,0.08446710597979556,0.8499521868457892,0.06558070717441522,ok
5000000.0,755.0,0.07416243928640666,0.862487751164838,0.06334980954875535,ok
5000000.0,760.0,0.06447222976423651,0.8742056204704732,0.06132214976529027,ok
5000000.0,765.0,0.05553813749661872,0.8850162764133758,0.0594455860900055,ok
5000000.0,770.0,0.047373457281868266,0.8949225005711395,0.05770404214699221,ok
5000000.0,775.0,0.03994636599405694,0.9039534588106294,0.05610017519531363,ok
5000000.0,780.0,0.03322653878096999,0.9121328471636074,0.05464061405542253,ok
5000000.0,785.0,0.02718498356027487,0.9194780640704153,0.0533369523693098,ok
5000000.0,790.0,0.021794443287993133,0.9259981284221712,0.0522074282898356,ok
5000000.0,795.0,0.017030438001647368,0.9316898966288126,0.051279665369539984,ok
5000000.0,800.0,0.012873251429641895,0.9365315895064854,0.050595159063872686,ok
5000000.0,805.0,0.009311551892728484,0.9404716676030621,0.05021678050420941,ok
5000000.0,810.0,0.006349105962868978,0.9434091456463967,0.050241748390734364,ok
5000000.0,815.0,0.004017732980171726,0.9451572426880955,0.05082502433173275,ok
5000000.0,820.0,0.0024036455105189915,0.9453726090766668,0.05222374541281427,ok
5000000.0,825.0,0.0016974212683916624,0.9436841472809966,0.05461843145061174,ok
5000000.0,830.0,0.002386902451724661,0.9385525770111187,0.0590605205371566,ok
5000000.0,835.0,0.005559462275743905,0.9270979421226803,0.06734259560157585,ok
5000000.0,840.0,0.01399998364496908,0.9026415045291258,0.08335851182590504,ok
5000000.0,845.0,0.03582470603144686,0.8470417470093136,0.11713354695923961,ok
5000000.0,850.0,0.09779556330115076,0.7051616182510754,0.19704281844777383,ok
5000000.0,855.0,0.2682963378301763,0.3591527662086824,0.3725508959611412,ok
5000000.0,860.0,0.3852377893509706,0.20474716948180732,0.41001504116722204,ok
5000000.0,865.0,0.24060822788720812,0.5443717726560449,0.215019999456747,ok
5000000.0,870.0,0.14357720700343624,0.7413213022407663,0.11510149075579745,ok
5000000.0,875.0,0.09859893953532306,0.8276757036420754,0.0737253568226015,ok
5000000.0,880.0,0.07611745748724645,0.8698801134776591,0.054002429035094446,ok
5000000.0,885.0,0.06393471108048313,0.8928908166824006,0.043174472237116346,ok
5000000.0,890.0,0.057062472492491405,0.9064071627965705,0.03653036471093807,ok
5000000.0,895.0,0.05323802092525616,0.9144441035140144,0.0323178755607294,ok
20000000.0,400.0,0.06477061888716419,0.17500873640935743,0.7602206447034784,ok
20000000.0,405.0,0.06611936501635485,0.1780201893931404,0.7558604455905047,ok
20000000.0,410.0,0.06765805695378165,0.18102146672657182,0.7513204763196465,ok
20000000.0,415.0,0.06930637807719331,0.1843329784128115,0.7463606435099952,ok
20000000.0,420.0,0.07098794309911395,0.18825758042582008,0.740754476475066,ok
20000000.0,425.0,0.07268485930023533,0.19223256573561603,0.7350825749641485,ok
20000000.0,430.0,0.07433690598723795,0.19624981120546017,0.7294132828073019,ok
20000000.0,435.0,0.07570757803996145,0.19922147757164335,0.7250709443883953,ok
20000000.0,440.0,0.07684343509608307,0.2021062294113149,0.7210503354926021,ok
20000000.0,445.0,0.07773149351583074,0.20501086132166532,0.7172576451625039,ok
20000000.0,450.0,0.07835377291997855,0.20792759448300951,0.713718632597012,ok
20000000.0,455.0,0.07861837348642536,0.21222331136111292,0.7091583151524616,ok
20000000.0,460.0,0.0785688875553903,0.2169452816107718,0.704485830833838,ok
20000000.0,465.0,0.07821706839646156,0.22181588170865496,0.6999670498948835,ok
20000000.0,470.0,0.07755809681839293,0.22685103944498478,0.6955908637366224,ok
20000000.0,475.0,0.07599117050094562,0.22650249297580982,0.6975063365232446,ok
20000000.0,480.0,0.07379250103793576,0.22394465453710508,0.7022628444249591,ok
20000000.0,485.0,0.07116341645834418,0.22132844183581724,0.7075081417058386,ok
20000000.0,490.0,0.06803581705363747,0.2186922900509463,0.7132718928954163,ok
20000000.0,495.0,0.0641658115760376,0.21611349395631224,0.7197206944676502,ok
20000000.0,500.0,0.05674615846782456,0.20055745830478114,0.7426963832273943,ok
20000000.0,505.0,0.05607720498040168,0.17836619196100903,0.7655566030585893,ok
20000000.0,510.0,0.055379963304542784,0.15584758292083156,0.7887724537746257,ok
20000000.0,515.0,0.05547260983432601,0.13275145447405937,0.8117759356916147,ok
20000000.0,520.0,0.056897316060053736,0.10954829334520066,0.8335543905947456,ok
20000000.0,525.0,0.06235699161218996,0.0871091123676136,0.8505338960201965,ok
20000000.0,530.0,0.07065888022975991,0.06754232922115631,0.8617987905490838,ok
20000000.0,535.0,0.08147754562638977,0.051317681707370555,0.8672047726662397,ok
20000000.0,540.0,0.0946014252638347,0.038457922002704384,0.8669406527334609,ok
20000000.0,545.0,0.1095044907248078,0.02868903347454194,0.8618064758006502,ok
20000000.0,550.0,0.12534352958170203,0.021633070118129413,0.8530234003001685,ok
20000000.0,555.0,0.14101010122323296,0.016865587639907788,0.8421243111368593,ok
20000000.0,560.0,0.15600521671261114,0.013711582902243313,0.8302832003851456,ok
20000000.0,565.0,0.16964998336537943,0.0118766579282908,0.8184733587063298,ok
20000000.0,570.0,0.18126528162138383,0.011255795175547968,0.8074789232030682,ok
20000000.0,575.0,0.190159557134167,0.012012733114152853,0.7978277097516802,ok
20000000.0,580.0,0.1956943808805881,0.014746202949960815,0.7895594161694511,ok
20000000.0,585.0,0.19678484706084565,0.02143401498019265,0.7817811379589616,ok
20000000.0,590.0,0.1935702940501888,0.0350263431586508,0.7714033627911604,ok
20000000.0,595.0,0.18790902901117293,0.05836305480889914,0.753727916179928,ok
20000000.0,600.0,0.18267652376647062,0.093126689695246,0.7241967865382835,ok
20000000.0,605.0,0.18188165957417457,0.13767910416173396,0.6804392362640914,ok
20000000.0,610.0,0.1888569243773526,0.1877152539409374,0.62342782168171,ok
20000000.0,615.0,0.20324166779843225,0.23908920884513254,0.5576691233564353,ok
20000000.0,620.0,0.2197086473420585,0.2877532028841212,0.49253814977382027,ok
20000000.0,625.0,0.23292879752007783,0.3331794094968375,0.4338917929830847,ok
20000000.0,630.0,0.2402420376457093,0.37590996699932766,0.38384799535496306,ok
20000000.0,635.0,0.2412396354324011,0.41615843740747466,0.3426019271601242,ok
20000000.0,640.0,0.23750055316498628,0.45388831836121735,0.30861112847379635,ok
20000000.0,645.0,0.23253946318527993,0.48815850648295905,0.279302030331761,ok
20000000.0,650.0,0.23098443772662341,0.5172725654845883,0.2517429967887882,ok
20000000.0,655.0,0.23555210890400138,0.5403555275078249,0.22409236358817375,ok
20000000.0,660.0,0.2442022244189457,0.558459392328361,0.19733838325269337,ok
20000000.0,665.0,0.2511258666895153,0.5714053761812332,0.17746875712925148,ok
20000000.0,670.0,0.2541015858256845,0.5855592047258329,0.16033920944848257,ok
20000000.0,675.0,0.2527245484283329,0.6012907417950313,0.1459847097766358,ok
20000000.0,680.0,0.24773151245838962,0.6182855651352874,0.13398292240632292,ok
20000000.0,685.0,0.24007769386503558,0.6360801776085784,0.1238421285263861,ok
20000000.0,690.0,0.23058904781132206,0.6542642827414621,0.11514666944721585,ok
20000000.0,695.0,0.21990032928350445,0.6725192567991779,0.10758041391731765,ok
20000000.0,700.0,0.2084847094144433,0.6906036090420758,0.10091168154348085,ok
20000000.0,705.0,0.19664881271956622,0.7082768461181947,0.095074341162239,ok
20000000.0,710.0,0.18432132380371585,0.7249705523737902,0.09070812382249405,ok
20000000.0,715.0,0.17225790408237576,0.7409583144227633,0.08678378149486099,ok
20000000.0,720.0,0.16079689029181363,0.755917099128708,0.08328601057947838,ok
20000000.0,725.0,0.1524726005925083,0.7667821695418774,0.08074522986561428,ok
20000000.0,730.0,0.134684349351581,0.7879700616060437,0.07734558904237532,ok
20000000.0,735.0,0.12050754889578087,0.8052132486482807,0.07427920245593844,ok
20000000.0,740.0,0.10754798579243396,0.8210093753292472,0.07144263887831881,ok
20000000.0,745.0,0.09556118541028695,0.8356363833295357,0.06880243126017738,ok
20000000.0,750.0,0.08444746145238644,0.8492148128496494,0.06633772569796414,ok
20000000.0,755.0,0.07415112337275738,0.8618144260074787,0.06403445061976387,ok
20000000.0,760.0,0.06446722651133549,0.873594227992745,0.061938545495919484,ok
20000000.0,765.0,0.055537706488075135,0.8844610922866343,0.060001201225290623,ok
20000000.0,770.0,0.04737623005735813,0.8944173734269985,0.05820639651564341,ok
20000000.0,775.0,0.03995129524101878,0.9034928965731632,0.05655580818581796,ok
20000000.0,780.0,0.03323282900537564,0.9117119163045774,0.05505525469004702,ok
20000000.0,785.0,0.02719203760787903,0.9190922983165785,0.05371566407554251,ok
20000000.0,790.0,0.021801821093941694,0.9256434425633749,0.05255473634268337,ok
20000000.0,795.0,0.017037825043284,0.931362500314395,0.05159967464232096,ok
20000000.0,800.0,0.012880435182037553,0.9362278942068842,0.050891670611078244,ok
20000000.0,805.0,0.009318405281110071,0.9401881765330875,0.05049341818580244,ok
20000000.0,810.0,0.006355577465741898,0.9431423099551898,0.05050211257906834,ok
20000000.0,815.0,0.004023843673805544,0.94490325465683,0.0510729016693644,ok
20000000.0,820.0,0.0024094936155014735,0.9451270782326336,0.05246342815186489,ok
20000000.0,825.0,0.0017031515260261807,0.9434427451062558,0.05485410336771801,ok
20000000.0,830.0,0.0023927755987252805,0.9383077656603445,0.05929945874093023,ok
20000000.0,835.0,0.005565714535932177,0.926837905650165,0.06759637981390287,ok
20000000.0,840.0,0.014005955447546197,0.9023474553030989,0.08364658924935486,ok
20000000.0,845.0,0.03582310311177706,0.8466872116258078,0.1174896852624151,ok
20000000.0,850.0,0.09772954320032819,0.7047660156922824,0.1975044411073894,ok
20000000.0,855.0,0.26780951315559837,0.3592342626246405,0.3729562242197611,ok
20000000.0,860.0,0.38448076468823267,0.2051727435307484,0.4103464917810189,ok
20000000.0,865.0,0.24042931207406304,0.544141495246479,0.21542919267945793,ok
20000000.0,870.0,0.14355241411272068,0.7410752737955126,0.11537231209176668,ok
20000000.0,875.0,0.09860190779217565,0.8274924322182439,0.07390565998958054,ok
20000000.0,880.0,0.07612514703226424,0.8697418246314279,0.05413302833630784,ok
20000000.0,885.0,0.06394239227933977,0.8927816959000378,0.043275911820622515,ok
20000000.0,890.0,0.057069167328901035,0.9063176798466802,0.03661315282441879,ok
20000000.0,895.0,0.05324361679897892,0.9143686930083175,0.0323876901927036,ok
